70491103
132009134
143516369
151474962
228188476
266696783
270951292
289031838
294007697
328625486
334692718
351899795
379019967
388809587
407445424
411124450
457891483
457900805
460123180
463056699
465053914
470931550
493885120
515359294
523110205
530820760
566136176
566450561
633161893
646642544
665141555
673180346
689091965
713408207
721006429
722429546
735671687
739520140
744859506
749246539
766592377
786784107
803301099
807877264
810437643
826997088
831286688
836869607
848958201
857821124
859304259
874271863
882544801
897124698
918464886
943544600
956332730
958491568
962979295
966728139
972373365
974426334
986641217
994437725
994712883
995367022
1070047757
1089304568
1094579871
1104093376
1108392973
1143898982
1162550998
1169643797
1237623006
1239236544
1252125141
1262790072
1289862899
1321839993
1322091025
1336796327
1339706750
1346126520
1360266430
1361266201
1373326758
1392858763
1415783083
1417969572
1430210171
1458234960
1473371176
1487244440
1492256850
1558113533
1603528951
1616461054
1638476753
1650278745
1728140890
1781019245
1846544588
1848387272
1853482853
1863261965
1895596696
1962531088
1966183940
1995807677
2046707002
2069527733
2101234292
2146014025
5006797037
5030445101
5099433583
5110128845
5116500344
5127761680
5154134206
5163114030
5174644392
5178748425
5182864918
5207351831
5214375408
5217251721
5262310262
5268450484
5285709086
5408860637
5625320822
5973479777
6042299501
6123448789
6346669030
6476193107
6482593369
6509423012
6576207110
6598989502
6606554448
6891169031
7083630429
7110909031
7111654042
7160584446
7928523868
8161914696
8247841060
8402178661
8442479293
8519013399
